686
73933
9864
9422
66357
4241
3557
5669
4229
3462
55460
27772
3090
27485
13972
10971
2160
42852
22951
4637
19746
17232
69956
3214
3541
24009
57621
68647
788
7734
2102
14270
64963
4491
2600
64927
36211
2355
20061
13205
950
3308
23996
1135
1939
7896
2279
57156
10640
15509
35980
3939
3948
562
2420
66316
3482
3442
24579
31466
2150
2913
6528
17524
44921
32612
54822
60796
52050
14132
51126
8693
40425
15790
3416
69376
1618
31348
52062
1870
758
9236
41886
54555
18243
38759
2340
19681
3439
43623
4579
5626
73992
11547
1699
14390
24251
26242
11363
4279
20837
66679
45343
9943
39535
842
1269
1663
27646
12020
40831
13008
47740
8924
2900
66413
14594
1266
27156
59423
72480
805
57437
72715
12234
71282
3849
15852
74892
17045
2332
29881
44255
8715
10062
63103
2108
20644
12081
52833
799
4733
16109
32591
17066
1146
20799
58676
1380
2967
66881
64984
1035
1091
3545
51137
38244
14845
22160
63059
4425
74124
7938
59279
61543
4260
3873
15618
52429
26877
73337
65671
3237
17287
59305
11975
4904
18306
70251
68012
22388
922
22573
3022
40453
5477
3766
66724
13016
1104
15710
11403
7178
28161
11352
2575
46002
16854
33390
8577
24127
1986
66554
3248
4074
9596
31431
13603
34766
4742
993
3358
4019
11570
9440
5456
15554
28461
7858
45736
62766
1921
74036
10511
2344
3920
2127
14185
44195
24759
7255
22204
18715
2623
19431
13209
65043
2748
31358
3382
16569
4892
3286
60047
41684
18117
42727
2102
25043
1719
51788
28024
20559
17263
2236
17472
14301
3354
13793
44068
15061
35769
60211
16934
28652
2581
52933
18624
2082
3114
1237
20327
16154
48977
9436
63128
4288
16341
71825
62458
13632
18622
13996
41410
10838
12248
72814
1966
19462
32971
13693
41099
12701
63833
38419
2357
11182
6320
2430
4961
19958
1343
21989
59444
48605
31701
29867
36632
24296
8447
8108
72470
17488
672
27873
9538
3047
8308
1543
29488
41520
17798
58046
61660
22599
1910
22616
47701
4523
35226
52859
22433
35997
1295
29846
17040
53028
50458
66973
4917
4078
21632
15059
2854
30560
72332
15344
15030
16858
54234
48812
628
7465
7915
6057
55364
66159
885
21330
1653
2171
26662
15102
61560
1369
3722
4921
52021
788
68029
4120
38536
41742
36350
20012
16315
49693
3402
36021
24460
66109
12571
13384
8121
45881
74722
7248
24985
19384
13414
22042
4284
64058
4883
15650
3321
2878
2642
689
24139
49617
3275
1177
57207
43447
4662
71703
4725
1634
10841
43804
895
2907
36648
17152
13370
63706
41339
14906
16796
4873
4196
1406
29338
8882
1028
62547
25072
1313
53755
20212
13791
2771
48801
2030
4236
60057
11831
16205
14207
59054
55477
12010
14259
2974
18493
3492
4605
48767
1645
21208
23404
49017
60432
37758
1014
4726
9765
2597
764
33391
33258
11894
55350
47973
12163
54933
48151
12155
4526
4427
31725
16088
65095
73219
17257
1969
30549
3582
38376
40599
5442
33811
2984
9881
20880
7606
2815
2652
4733
20269
15685
2710
22453
2985
51552
4073
60970
2792
10203
3020
63982
17744
20821
11059
38619
14249
53771
15538
45603
3759
2313
65502
14421
64941
63320
1411
1587
74304
22052
5167
24396
26328
3875
42097
18594
17487
8392
6190
8136
48789
61944
3962
34708
53645
67482
18783
19581
27750
2330
19639
907
71332
21468
63317
4358
8764
1011
1834
7345
11183
45644
68057
4930
2885
4711
2037
44003
8271
9595
29131
21399
4108
2326
61482
1626
17998
33985
3199
2919
2028
18313
4602
21638
41844
38665
1243
6575
18476
4497
20572
976
1597
3682
59729
18585
21584
4378
20567
9763
46805
14740
4846
19899
23717
5984
2724
2416
15626
5970
4051
19316
4306
9878
18414
23489
25775
8268
30897
51647
7769
46607
15296
4667
50473
27630
58397
4865
3493
42281
2237
2128
2852
62837
20268
62215
73468
4383
1198
34687
23392
17548
4617
20697
14509
55370
1101
15463
23599
6702
4137
9609
39091
74073
16246
2313
22431
49133
1627
58862
54161
24438
3287
11067
55906
11310
58038
15352
37615
71271
4538
21204
63149
721
17872
40616
873
13999
46308
3751
7835
13609
44332
3706
1239
13512
9265
22599
72758
24543
44608
40367
37919
3346
10784
27794
72362
