397
1748
18371
41887
3632
519
3829
4531
73881
18465
18702
17054
2214
60017
4572
3375
18662
5589
36864
10155
63234
17390
4516
23960
65479
2910
5956
24203
22128
71263
39636
1875
7113
4684
38144
32326
1014
67997
15342
44631
72087
66355
2357
3567
2630
3038
2820
15417
4729
12262
2293
3956
8362
2041
16616
1526
56065
44451
2144
5259
17552
1894
3063
5657
36265
43371
20213
2569
1985
17279
3634
2009
56744
41973
831
72515
2734
23608
74073
2295
2537
24600
11197
3177
3631
19488
6819
816
810
55803
40577
2876
49580
26462
16750
4695
13127
61742
40816
30211
60432
5064
1549
1518
4873
49852
1493
22115
3713
14931
20538
807
64274
19341
12172
4390
4105
3708
74687
3866
15401
1215
11947
20671
4463
2680
13581
3018
16536
14297
4765
32666
72494
71728
58601
5297
2165
11100
28547
1829
2226
1864
11497
17866
38095
58095
2703
10934
25987
934
24109
19943
17449
13090
3168
8711
3930
12906
48811
21813
24288
44970
18373
1245
2418
13950
49764
4505
1993
44561
13220
73760
26701
27929
18790
13770
4707
8775
4348
1442
3552
47646
53341
12381
2951
16848
7920
2673
74978
11485
29902
14552
21699
10690
8051
47665
5228
4124
46167
15905
40653
3142
1714
24546
61622
14813
4138
16486
56748
16088
57013
4608
4917
12163
2590
23554
22174
4168
38716
37932
58097
49567
6167
3776
57285
72716
23970
1744
16908
22323
55828
2946
43130
12594
24681
19888
4476
74866
4064
4060
3211
8852
32804
73920
4708
9915
677
22390
50329
56153
16862
32789
1201
6335
49355
3467
23227
23100
3620
23447
57320
5864
11077
37804
942
17768
1202
13348
2918
21373
35134
10191
13512
3244
2516
2813
17554
2833
45136
61389
798
41588
21068
9608
58675
23611
74673
522
8446
1671
13457
16798
2014
17347
23620
1434
55599
39270
27014
21357
54859
3202
3974
2923
61342
4086
17430
4015
1867
2152
7304
16109
23812
1274
45610
30571
4655
7707
19849
3106
576
2490
9429
70007
53073
22840
61097
984
3681
49791
20945
49466
73135
3933
65303
9175
23436
47589
42376
2365
24256
23530
71007
37967
24124
3332
3121
45021
20971
46945
4698
52857
20343
1851
23044
5872
60626
3858
8916
9673
7437
19461
29156
40871
27640
1606
2642
2176
68763
6056
6448
26811
22682
50059
36848
2990
10090
52547
7637
1727
4088
2820
4353
4067
17376
775
2903
22250
2961
22535
63393
8298
41680
14083
71968
72298
33699
638
